# Dat.                  	A-POLY-O	A-POLYN-O	A-SINH	A-NEU-O	A-RR 	X-SQU	A-POLY-O	A-POLYN-O	A-SINH	A-NEU-O	A-RR 	X-SQU
Trust:Advogato [[AD]]                  	0.849	0.848	0.848	0.847	0.669	0.862	0.885	0.885	0.885	0.885	0.669	0.886
Co-occurrence:Amazon [[AM]]                  	0.663	0.663	0.663	0.663	0.500	0.664	0.668	0.668	0.668	0.668	0.500	0.667
Communication:U.-Rovira-i-Virgili [[A@]]                  	0.811	0.826	0.825	0.819	0.659	0.820	0.813	0.814	0.814	0.813	0.659	0.717
Interaction:{\it{Caenorhabditis-elegans}} [[PM]]                  	0.888	0.872	0.872	0.873	0.629	0.883	0.842	0.841	0.841	0.841	0.629	0.719
Communication:Pretty-Good-Privacy [[PG]]                  	0.898	0.897	0.897	0.897	0.760	0.909	0.946	0.946	0.946	0.945	0.760	0.925
Physical:Route-Views [[AS]]                  	0.776	0.777	0.777	0.776	0.766	0.756	0.880	0.880	0.880	0.880	0.766	0.852
Physical:CAIDA [[IN]]                  	0.839	0.838	0.835	0.836	0.709	0.838	0.801	0.797	0.788	0.788	0.709	0.825
Physical:Skitter [[SK]]                  	0.678	0.675	0.675	0.674	0.500	0.674	0.625	0.620	0.619	0.619	0.500	0.583
Authorship:arXiv-astro-ph [[AP]]                  	0.687	0.687	0.687	0.687	0.499	0.687	0.690	0.690	0.690	0.690	0.499	0.689
Reference:Google.com-internal [[GC]]                  	0.685	0.680	0.680	0.679	0.500	0.679	0.595	0.586	0.586	0.585	0.500	0.508
Reference:CiteSeer [[CS]]                  	0.678	0.678	0.678	0.678	0.501	0.680	0.674	0.674	0.674	0.674	0.501	0.675
Authorship:arXiv-hep-ph [[PH]]                  	0.727	0.730	0.730	0.730	0.606	0.725	0.727	0.730	0.730	0.730	0.606	0.725
Authorship:arXiv-hep-th [[TH]]                  	0.719	0.720	0.720	0.720	0.600	0.715	0.719	0.719	0.720	0.719	0.600	0.715
Interaction:Haggle [[CO]]                  	0.720	0.719	0.720	0.719	0.534	0.722	0.730	0.728	0.728	0.728	0.534	0.721
Reference:DBLP [[Pi]]                  	0.947	0.946	0.946	0.946	0.779	0.952	0.909	0.908	0.908	0.908	0.779	0.903
Authorship:DBLP [[Pc]]                  	0.758	0.758	0.758	0.758	0.619	0.754	0.757	0.757	0.757	0.757	0.619	0.753
Co-occurrence:Similarity [[SI]]                  	0.881	0.881	0.867	0.867	0.750	0.918	0.857	0.857	0.857	0.857	0.750	0.830
Trust:English-Wikipedia [[EL]]                  	0.788	0.788	0.788	0.788	0.790	0.801	0.807	0.807	0.807	0.807	0.790	0.775
Communication:EU-institution [[EU]]                  	0.633	0.636	0.636	0.636	0.498	0.671	0.622	0.623	0.623	0.623	0.498	0.639
Communication:Enron [[EN]]                  	0.761	0.762	0.763	0.763	0.773	0.758	0.776	0.774	0.775	0.775	0.773	0.737
Trust:Epinions [[EP]]                  	0.270	0.270	0.270	0.270	0.193	0.308	0.265	0.265	0.265	0.265	0.193	0.232
Social:Facebook-New-Orleans [[Ol]]                  	0.657	0.657	0.657	0.657	0.501	0.658	0.662	0.662	0.662	0.662	0.501	0.664
Communication:Facebook-New-Orleans [[Ow]]                  	0.787	0.787	0.787	0.787	0.673	0.784	0.781	0.781	0.781	0.781	0.673	0.761
Social:Filmtipset [[Ff]]                  	0.631	0.633	0.633	0.633	0.504	0.629	0.667	0.667	0.667	0.667	0.504	0.667
Social:Flickr [[FL]]                  	0.613	0.612	0.612	0.612	0.500	0.630	0.616	0.615	0.615	0.615	0.500	0.617
Reference:arXiv-hep-th [[th]]                  	0.673	0.672	0.672	0.672	0.501	0.678	0.670	0.670	0.670	0.670	0.501	0.673
Ratings:Líbímseti.cz [[LI]]                  	0.639	0.639	0.639	0.639	0.479	0.639	0.429	0.430	0.430	0.430	0.479	0.427
Interaction:Reality-Mining [[RM]]                  	0.450	0.487	0.473	0.498	0.189	0.425	0.233	0.233	0.233	0.233	0.189	0.213
Communication:Digg [[DG]]                  	0.784	0.784	0.784	0.784	0.762	0.802	0.787	0.786	0.786	0.786	0.762	0.813
Communication:Twitter [[Wa]]                  	0.755	0.755	0.755	0.755	0.621	0.750	0.765	0.765	0.765	0.765	0.621	0.760
Social:Twitter [[Ws]]                  	0.564	0.560	0.559	0.559	0.501	0.590	0.451	0.448	0.448	0.448	0.501	0.476
Physical:Gnutella [[GN]]                  	0.576	0.575	0.575	0.575	0.500	0.587	0.548	0.548	0.548	0.548	0.500	0.559
Reference:US-patents [[PC]]                  	0.664	0.664	0.664	0.664	0.500	0.665	0.652	0.652	0.652	0.652	0.500	0.652
Physical:California [[RO]]                  	0.542	0.542	0.542	0.542	0.500	0.542	0.542	0.542	0.542	0.542	0.500	0.542
Social:Slashdot-Zoo [[SZ]]                  	0.369	0.369	0.369	0.369	0.241	0.377	0.338	0.338	0.338	0.338	0.241	0.334
Physical:Internet-topology [[TO]]                  	0.661	0.659	0.659	0.659	0.560	0.683	0.623	0.619	0.619	0.618	0.560	0.510
Reference:TREC-WT10g [[WT]]                  	0.636	0.636	0.636	0.636	0.500	0.636	0.619	0.619	0.619	0.619	0.500	0.619
Reference:Berkeley/Stanford [[BS]]                  	0.687	0.686	0.686	0.685	0.500	0.563	0.664	0.659	0.659	0.658	0.500	0.558
Reference:Google [[GO]]                  	0.679	0.679	0.679	0.679	0.500	0.678	0.672	0.672	0.672	0.672	0.500	0.670
Reference:English-Wikipedia [[WP]]                  	0.616	0.614	0.614	0.614	0.500	0.592	0.619	0.619	0.619	0.619	0.500	0.603
Communication:English-Wikipedia [[WK]]                  	0.667	0.663	0.663	0.663	0.500	0.663	0.654	0.649	0.649	0.649	0.500	0.666
Reference:World-Wide-Web [[W3]]                  	0.681	0.681	0.681	0.682	0.500	0.680	0.683	0.683	0.683	0.683	0.500	0.683
Social:YouTube [[YT]]                  	0.541	0.541	0.535	0.535	0.500	0.568	0.468	0.470	0.460	0.460	0.500	0.501
